0.06204201270151444
0.0639960918417195
0.0659501709819248
0.06497313141182226
0.06497313141182226
0.0639960918417195
0.07083536883243768
0.0639960918417195
0.0639960918417195
0.06301905227161697
0.0659501709819248
0.0659501709819248
0.06497313141182226
0.06204201270151444
0.06301905227161697
0.0659501709819248
0.06301905227161697
0.06301905227161697
0.06301905227161697
0.0639960918417195
0.06497313141182226
0.061064973131411904
0.06301905227161697
0.06008793356130915
0.06301905227161697
0.061064973131411904
0.06301905227161697
0.06204201270151444
0.061064973131411904
0.059110893991206614
0.07181240840254022
0.06985832926233515
0.07278944797264297
0.07083536883243768
0.07083536883243768
0.07181240840254022
0.06985832926233515
0.07181240840254022
0.07181240840254022
0.06204201270151444
0.06985832926233515
0.06888128969223262
0.06790425012212986
0.06790425012212986
0.07474352711284804
0.07278944797264297
0.06888128969223262
0.07083536883243768
0.06888128969223262
0.07083536883243768
0.06985832926233515
0.0737664875427455
0.06888128969223262
0.07181240840254022
0.07083536883243768
0.0659501709819248
0.0659501709819248
0.07083536883243768
0.06888128969223262
0.07083536883243768
0.06790425012212986
0.06888128969223262
0.06692721055202733
0.07083536883243768
0.06692721055202733
0.06888128969223262
0.06204201270151444
0.06790425012212986
0.06790425012212986
0.06692721055202733
0.06790425012212986
0.0639960918417195
0.07083536883243768
0.06888128969223262
0.06692721055202733
0.06497313141182226
0.06204201270151444
0.06692721055202733
0.06790425012212986
0.06497313141182226
0.0659501709819248
0.06985832926233515
0.06497313141182226
0.06790425012212986
0.0639960918417195
0.06692721055202733
0.06888128969223262
0.06301905227161697
0.0659501709819248
0.0659501709819248
0.0659501709819248
0.0639960918417195
0.06497313141182226
0.06301905227161697
0.0639960918417195
0.0659501709819248
0.0659501709819248
0.06301905227161697
0.06692721055202733
0.06790425012212986
0.0639960918417195
0.06888128969223262
0.06301905227161697
0.0639960918417195
0.06985832926233515
0.0659501709819248
0.054225696140693724
0.06790425012212986
0.06497313141182226
0.0659501709819248
0.06204201270151444
0.06692721055202733
0.06497313141182226
0.06301905227161697
0.06790425012212986
0.06692721055202733
0.06204201270151444
0.0659501709819248
0.06985832926233515
0.0659501709819248
0.0639960918417195
0.0639960918417195
0.0639960918417195
0.06301905227161697
0.0659501709819248
0.0659501709819248
0.0639960918417195
0.0659501709819248
0.06790425012212986
0.06204201270151444
0.0659501709819248
0.0639960918417195
0.06301905227161697
0.06301905227161697
0.06301905227161697
0.06692721055202733
0.06204201270151444
0.0659501709819248
0.06204201270151444
0.06204201270151444
0.06301905227161697
0.06204201270151444
0.06301905227161697
0.06204201270151444
0.06204201270151444
0.059110893991206614
0.06204201270151444
0.059110893991206614
0.06008793356130915
0.06204201270151444
0.06301905227161697
0.059110893991206614
0.059110893991206614
0.06301905227161697
0.059110893991206614
0.06204201270151444
0.06204201270151444
0.061064973131411904
0.06008793356130915
0.06008793356130915
0.06301905227161697
0.05520273571079626
0.8876404494382022
0.8856863702979971
0.8847093307278944
0.8895945285784075
0.8847093307278944
0.8866634098680997
0.8876404494382022
0.8876404494382022
0.8876404494382022
0.8856863702979971
0.8847093307278944
0.8866634098680997
0.8866634098680997
0.8895945285784075
0.8876404494382022
0.8866634098680997
0.8837322911577918
0.8837322911577918
0.8866634098680997
0.8837322911577918
0.8847093307278944
0.8856863702979971
0.8847093307278944
0.8886174890083047
0.8866634098680997
0.8847093307278944
0.8837322911577918
0.8856863702979971
0.8827552515876893
0.8856863702979971
0.8876404494382022
0.8876404494382022
0.8866634098680997
0.8866634098680997
0.8856863702979971
0.8876404494382022
0.8876404494382022
0.8847093307278944
0.8886174890083047
0.8876404494382022
0.8876404494382022
0.8876404494382022
0.8886174890083047
0.8876404494382022
0.8847093307278944
0.8876404494382022
0.8876404494382022
0.8856863702979971
0.8876404494382022
0.8876404494382022
0.8876404494382022
0.8847093307278944
0.8876404494382022
0.8856863702979971
0.8856863702979971
0.40205178309721545
0.4010747435271129
0.4010747435271129
0.40205178309721545
0.403028822667318
0.403028822667318
0.4049829018075233
0.4049829018075233
0.4040058622374205
0.403028822667318
0.403028822667318
0.40205178309721545
0.4040058622374205
0.403028822667318
0.40205178309721545
0.39912066438690763
0.3981436248168051
0.3952125061064973
0.3913043478260869
0.3883732291157791
0.3883732291157791
0.38739618954567656
0.38446507083536874
0.348314606741573
0.34733756717147046
0.34733756717147046
0.348314606741573
0.348314606741573
0.34733756717147046
0.34636052760136793
0.3453834880312652
0.3453834880312652
0.34440644846116264
0.34440644846116264
0.34440644846116264
0.3453834880312652
0.3453834880312652
0.34440644846116264
0.3414753297508548
0.3404982901807523
0.33952125061064975
0.3385442110405472
0.33756717147044446
0.3365901319003419
0.3356130923302394
0.3336590131900341
0.33170493404982904
0.32975085490962375
0.32681973619931615
0.32486565705911086
0.3229115779189058
0.32193453834880303
0.31998045920859797
0.3180263800683927
0.31704934049829014
0.3160723009281876
0.31704934049829014
0.31704934049829014
0.31900341963849543
0.3209574987787005
0.3209574987787005
0.3209574987787005
0.3209574987787005
0.31998045920859797
0.3180263800683927
0.3180263800683927
0.3180263800683927
0.31704934049829014
0.31704934049829014
0.31704934049829014
0.31704934049829014
0.31704934049829014
0.3141182217879823
0.3131411822178798
0.3111871030776747
0.30923302393746943
0.3082559843673669
0.3063019052271616
0.30434782608695654
0.303370786516854
0.30239374694675125
0.3004396678065462
0.3004396678065462
0.29946262823644365
0.29946262823644365
0.2984855886663409
0.2984855886663409
0.29653150952613583
0.29653150952613583
0.2955544699560333
0.29457743038593054
0.29457743038593054
0.293600390815828
0.29262335124572547
0.29164631167562294
0.2906692721055202
0.2906692721055202
0.2887151929653151
0.2877381533952126
0.2857840742550073
0.28480703468490476
0.28285295554469947
0.28187591597459694
0.27992183683439187
0.2779677576941866
0.2730825598436737
0.27210552027357116
0.2711284807034684
0.27015144113336587
0.26917440156326333
0.2662432828529555
0.265266243282853
0.26428920371275044
0.2662432828529555
0.2681973619931608
0.26917440156326333
0.27015144113336587
0.2711284807034684
0.27015144113336587
0.265266243282853
0.26917440156326333
0.26722032242305804
0.2662432828529555
0.265266243282853
0.2633121641426477
0.26233512457254515
0.2603810454323401
0.2584269662921348
0.25647288715192973
0.25451880801172444
0.255495847581827
0.2535417684416219
0.2535417684416219
0.2515876893014166
0.2506106497313141
0.24963361016121155
0.24963361016121155
0.2506106497313141
0.24865657059110902
0.24767953102100626
0.24767953102100626
0.24767953102100626
0.24767953102100626
0.24865657059110902
0.24865657059110902
0.24865657059110902
0.24865657059110902
0.24963361016121155
0.2506106497313141
0.2506106497313141
0.2506106497313141
0.2506106497313141
0.2506106497313141
0.2515876893014166
0.2515876893014166
0.2515876893014166
0.2515876893014166
0.2506106497313141
0.2506106497313141
0.24865657059110902
0.24963361016121155
0.24865657059110902
0.24865657059110902
0.24865657059110902
0.24767953102100626
0.24767953102100626
0.24767953102100626
0.24670249145090373
0.24670249145090373
0.24670249145090373
0.24670249145090373
0.24670249145090373
0.24767953102100626
0.24865657059110902
0.24963361016121155
0.24865657059110902
0.2506106497313141
0.2506106497313141
0.2515876893014166
0.2506106497313141
0.2515876893014166
0.2535417684416219
0.25451880801172444
0.2535417684416219
0.25451880801172444
0.25451880801172444
0.255495847581827
0.25647288715192973
0.255495847581827
0.25647288715192973
0.25647288715192973
0.25647288715192973
0.25744992672203226
0.25744992672203226
0.25647288715192973
0.25744992672203226
0.2584269662921348
0.2584269662921348
0.2603810454323401
0.2603810454323401
0.2613580850024426
0.26233512457254515
0.26233512457254515
0.2633121641426477
0.2633121641426477
0.2633121641426477
0.26428920371275044
0.26428920371275044
0.265266243282853
0.2662432828529555
0.2662432828529555
0.26722032242305804
0.2681973619931608
0.26917440156326333
0.27015144113336587
0.2711284807034684
0.2711284807034684
0.2711284807034684
0.2711284807034684
0.2711284807034684
0.2730825598436737
0.2730825598436737
0.2740595994137762
0.27503663898387876
0.2760136785539815
0.2779677576941866
0.2789447972642891
0.27992183683439187
0.27992183683439187
0.2808988764044944
0.28187591597459694
0.2838299951148022
0.2857840742550073
0.32193453834880303
0.32193453834880303
0.3229115779189058
0.3238886174890083
0.3277967757694187
0.32975085490962375
0.32975085490962375
0.3365901319003419
0.32681973619931615
0.3229115779189058
0.31998045920859797
0.3180263800683927
0.31216414264777725
0.30923302393746943
0.31021006350757196
0.3111871030776747
0.3111871030776747
0.3131411822178798
0.3141182217879823
0.31704934049829014
0.3180263800683927
0.3238886174890083
0.3258426966292134
0.32681973619931615
0.3277967757694187
0.3307278944797265
0.33268197361993157
0.3365901319003419
0.3365901319003419
0.3414753297508548
0.3424523693209576
0.3512457254518808
0.36492427943331696
0.37176355642403514
0.37274059599413767
0.3776257938446508
0.3834880312652662
0.38446507083536874
0.3854421104054715
0.3883732291157791
0.3883732291157791
0.3903273082559844
0.4010747435271129
0.4010747435271129
0.40205178309721545
0.403028822667318
0.4049829018075233
0.40693698094772834
0.40889106008793363
0.4108451392281387
0.4137762579384465
0.41475329750854906
0.4157303370786516
0.41670737664875435
0.4157303370786516
0.41475329750854906
0.4157303370786516
0.4137762579384465
0.4137762579384465
0.4137762579384465
0.4137762579384465
0.4137762579384465
0.4137762579384465
0.4108451392281387
0.40889106008793363
0.39912066438690763
0.3981436248168051
0.3952125061064973
0.3932584269662922
0.39228138739618945
0.3903273082559844
0.38935026868588185
0.38641914997557403
0.38446507083536874
0.38251099169516367
0.3776257938446508
0.37469467513434296
0.3737176355642404
0.3737176355642404
0.37176355642403514
0.36980947728383007
0.3688324377137273
0.36687835857352225
0.3659013190034197
0.3639472398632144
0.3639472398632144
0.3629702002931119
0.3610161211529066
0.3629702002931119
0.36199316072300936
0.3629702002931119
0.35906204201270153
0.358085002442599
0.358085002442599
0.3561309233023937
0.3551538837322912
0.3551538837322912
0.3561309233023937
0.3551538837322912
0.3561309233023937
0.3561309233023937
0.35710796287249624
0.35710796287249624
0.35710796287249624
0.3561309233023937
0.3561309233023937
0.3551538837322912
0.3551538837322912
0.3531998045920859
0.3531998045920859
0.3512457254518808
0.3512457254518808
0.3512457254518808
0.3502686858817783
0.3502686858817783
0.348314606741573
0.348314606741573
0.34733756717147046
0.3424523693209576
0.3414753297508548
0.3424523693209576
0.3424523693209576
0.34440644846116264
0.3434294088910601
0.3404982901807523
0.3404982901807523
0.33952125061064975
0.33952125061064975
0.33952125061064975
0.3404982901807523
0.3404982901807523
0.3424523693209576
0.34440644846116264
0.3453834880312652
0.3512457254518808
0.35222276502198335
0.35417684416218864
0.358085002442599
0.36003908158280407
0.3639472398632144
0.3659013190034197
0.3659013190034197
0.3659013190034197
0.36492427943331696
0.3639472398632144
0.3629702002931119
0.3610161211529066
0.35906204201270153
0.36003908158280407
0.35710796287249624
0.3561309233023937
0.3551538837322912
0.3551538837322912
0.35417684416218864
0.3512457254518808
0.35222276502198335
0.3512457254518808
0.35222276502198335
0.3512457254518808
0.3512457254518808
0.35222276502198335
0.3531998045920859
0.35417684416218864
0.3551538837322912
0.3531998045920859
0.3531998045920859
0.3531998045920859
0.34929164631167553
0.34636052760136793
0.3414753297508548
0.3404982901807523
0.3385442110405472
0.3385442110405472
0.33756717147044446
0.3356130923302394
0.33463605276013686
0.3365901319003419
0.3385442110405472
0.33952125061064975
0.3404982901807523
0.3404982901807523
0.3424523693209576
0.3434294088910601
0.34440644846116264
0.34636052760136793
0.34636052760136793
0.34636052760136793
0.34636052760136793
0.34636052760136793
0.34636052760136793
0.358085002442599
0.37469467513434296
0.3776257938446508
0.37957987298485585
0.38251099169516367
0.3834880312652662
0.39228138739618945
0.39912066438690763
0.40009770395701016
0.40205178309721545
0.403028822667318
0.403028822667318
0.4049829018075233
0.40693698094772834
0.4040058622374205
0.403028822667318
0.4079140205178309
0.40889106008793363
0.40986809965803617
0.40986809965803617
0.4108451392281387
0.4137762579384465
0.41475329750854906
0.41475329750854906
0.41670737664875435
0.4176844162188569
0.41670737664875435
0.41670737664875435
0.4186614557889594
0.4157303370786516
0.41475329750854906
0.41670737664875435
0.41475329750854906
0.41475329750854906
0.41475329750854906
0.4137762579384465
0.412799218368344
0.41182217879824123
0.40986809965803617
0.40986809965803617
0.40889106008793363
0.4079140205178309
0.4059599413776258
0.4049829018075233
0.403028822667318
0.403028822667318
0.40009770395701016
0.3981436248168051
0.39716658524670256
0.3961895456765998
0.3952125061064973
0.39423546653639474
0.3932584269662922
0.39228138739618945
0.3913043478260869
0.38935026868588185
0.38935026868588185
0.3883732291157791
0.3883732291157791
0.38935026868588185
0.38935026868588185
0.3883732291157791
0.3883732291157791
0.38641914997557403
0.38739618954567656
0.38641914997557403
0.38739618954567656
0.3854421104054715
0.3854421104054715
0.38641914997557403
0.36687835857352225
0.3659013190034197
0.3639472398632144
0.36199316072300936
0.3610161211529066
0.3610161211529066
0.3610161211529066
0.36003908158280407
0.36003908158280407
0.358085002442599
0.358085002442599
0.35710796287249624
0.26722032242305804
0.26917440156326333
0.4557889594528579
0.4538348803126526
0.4509037616023448
0.4430874450415241
0.43429408891060084
0.4264777723497801
0.42256961406936977
0.4176844162188569
0.40889106008793363
0.39423546653639474
0.39228138739618945
0.3913043478260869
0.39228138739618945
0.3903273082559844
0.3903273082559844
0.38641914997557403
0.38153395212506114
0.3776257938446508
0.376648754274548
0.3786028334147533
0.3776257938446508
0.37957987298485585
0.37957987298485585
0.37957987298485585
0.37957987298485585
0.37957987298485585
0.3786028334147533
0.3776257938446508
0.3786028334147533
0.3786028334147533
0.3786028334147533
0.37957987298485585
0.3805569125549584
0.37957987298485585
0.37957987298485585
0.38251099169516367
0.38446507083536874
0.3883732291157791
0.38641914997557403
0.3834880312652662
0.38153395212506114
0.37957987298485585
0.3756717147044455
0.3737176355642404
0.37176355642403514
0.36980947728383007
0.3678553981436248
0.3629702002931119
0.3639472398632144
0.36003908158280407
0.35710796287249624
0.3561309233023937
0.35417684416218864
0.35222276502198335
0.35222276502198335
0.3512457254518808
0.34929164631167553
0.34733756717147046
0.3453834880312652
0.34440644846116264
0.3434294088910601
0.3414753297508548
0.3385442110405472
0.3365901319003419
0.3356130923302394
0.3356130923302394
0.3365901319003419
0.3365901319003419
0.29164631167562294
0.28969223253541765
0.32681973619931615
0.32681973619931615
0.32681973619931615
0.32681973619931615
0.3258426966292134
0.32486565705911086
0.32193453834880303
0.3229115779189058
0.32193453834880303
0.3209574987787005
0.31900341963849543
0.3180263800683927
0.3160723009281876
0.31216414264777725
0.3111871030776747
0.31021006350757196
0.30923302393746943
0.30923302393746943
0.3082559843673669
0.30727894479726436
0.3053248656570591
0.30434782608695654
0.3063019052271616
0.30727894479726436
0.30923302393746943
0.31021006350757196
0.3111871030776747
0.3111871030776747
0.3131411822178798
0.31216414264777725
0.31216414264777725
0.3141182217879823
0.3160723009281876
0.31704934049829014
0.3180263800683927
0.31900341963849543
0.3209574987787005
0.3209574987787005
0.32193453834880303
0.3229115779189058
0.3238886174890083
0.32486565705911086
0.3238886174890083
0.3258426966292134
0.3277967757694187
0.32681973619931615
0.3277967757694187
0.3277967757694187
0.32486565705911086
0.32681973619931615
0.3258426966292134
0.32486565705911086
0.3238886174890083
0.3229115779189058
0.31998045920859797
0.31998045920859797
0.31998045920859797
0.31900341963849543
0.31704934049829014
0.3160723009281876
0.3141182217879823
0.3111871030776747
0.3111871030776747
0.30923302393746943
0.3082559843673669
0.31704934049829014
0.31704934049829014
0.31998045920859797
0.3209574987787005
0.32193453834880303
0.3229115779189058
0.32193453834880303
0.3209574987787005
0.32193453834880303
0.32193453834880303
0.3229115779189058
0.32486565705911086
0.3229115779189058
0.32193453834880303
0.3209574987787005
0.31998045920859797
0.3180263800683927
0.3180263800683927
0.3180263800683927
0.3180263800683927
0.31998045920859797
0.31998045920859797
0.3209574987787005
0.3209574987787005
0.32193453834880303
0.31998045920859797
0.3238886174890083
0.3277967757694187
0.3277967757694187
0.32975085490962375
0.33170493404982904
0.3356130923302394
0.3404982901807523
0.3434294088910601
0.34636052760136793
0.3561309233023937
0.36003908158280407
0.3629702002931119
0.3639472398632144
0.36687835857352225
0.36687835857352225
0.3659013190034197
0.36687835857352225
0.36492427943331696
0.3639472398632144
0.3659013190034197
0.3678553981436248
0.36980947728383007
0.3707865168539326
0.3707865168539326
0.36980947728383007
0.3678553981436248
0.3629702002931119
0.36003908158280407
0.35906204201270153
0.3561309233023937
0.3551538837322912
0.3531998045920859
0.3531998045920859
0.3531998045920859
0.35222276502198335
0.3531998045920859
0.3531998045920859
0.3531998045920859
0.35417684416218864
0.35417684416218864
0.3551538837322912
0.3561309233023937
0.3561309233023937
0.35710796287249624
0.35906204201270153
0.358085002442599
0.358085002442599
0.35710796287249624
0.35710796287249624
0.35710796287249624
0.3561309233023937
0.3561309233023937
0.3551538837322912
0.35710796287249624
0.3561309233023937
0.3561309233023937
0.3561309233023937
0.358085002442599
0.35906204201270153
0.36003908158280407
0.36199316072300936
0.3629702002931119
0.36199316072300936
0.3629702002931119
0.3639472398632144
0.36492427943331696
0.3629702002931119
0.3629702002931119
0.36003908158280407
0.35906204201270153
0.35906204201270153
0.3629702002931119
0.36199316072300936
0.3610161211529066
0.36003908158280407
0.35906204201270153
0.358085002442599
0.358085002442599
0.358085002442599
0.36003908158280407
0.3707865168539326
0.36980947728383007
0.37176355642403514
0.376648754274548
0.3786028334147533
0.37957987298485585
0.3834880312652662
0.3903273082559844
0.39228138739618945
0.3913043478260869
0.3952125061064973
0.3932584269662922
0.3932584269662922
0.39228138739618945
0.39423546653639474
0.39423546653639474
0.3952125061064973
0.3961895456765998
0.39716658524670256
0.3961895456765998
0.39423546653639474
0.39423546653639474
0.39716658524670256
0.3932584269662922
0.3932584269662922
0.39423546653639474
0.3952125061064973
0.3961895456765998
0.3981436248168051
0.39912066438690763
0.403028822667318
0.403028822667318
0.40693698094772834
0.40986809965803617
0.41182217879824123
0.41182217879824123
0.41475329750854906
0.4176844162188569
0.4176844162188569
0.41670737664875435
0.4186614557889594
0.41963849535906195
0.4206155349291647
0.42159257449926724
0.42256961406936977
0.4206155349291647
0.42159257449926724
0.4206155349291647
0.4206155349291647
0.42159257449926724
0.42159257449926724
0.4206155349291647
0.42256961406936977
0.4206155349291647
0.42159257449926724
0.42159257449926724
0.42159257449926724
0.41963849535906195
0.41963849535906195
0.41963849535906195
0.41963849535906195
0.4186614557889594
0.4206155349291647
0.4186614557889594
0.4176844162188569
0.41475329750854906
0.412799218368344
0.4108451392281387
0.41182217879824123
0.4059599413776258
0.4040058622374205
0.3961895456765998
0.3932584269662922
0.3932584269662922
0.3913043478260869
0.3913043478260869
0.38935026868588185
0.38935026868588185
0.38739618954567656
0.38935026868588185
0.3952125061064973
0.3913043478260869
0.3932584269662922
0.3952125061064973
0.3952125061064973
0.39912066438690763
0.39912066438690763
0.40009770395701016
0.40009770395701016
0.4010747435271129
0.403028822667318
0.403028822667318
0.4040058622374205
0.4049829018075233
0.40693698094772834
0.4079140205178309
0.40889106008793363
0.40889106008793363
0.4108451392281387
0.41182217879824123
0.412799218368344
0.4108451392281387
0.40986809965803617
0.41182217879824123
0.41182217879824123
0.4157303370786516
0.4157303370786516
0.4157303370786516
0.42256961406936977
0.41475329750854906
0.41670737664875435
0.4137762579384465
0.41475329750854906
0.41670737664875435
0.41475329750854906
0.40986809965803617
0.4079140205178309
0.40693698094772834
0.4049829018075233
0.4049829018075233
0.4049829018075233
0.4040058622374205
0.4040058622374205
0.4040058622374205
0.40205178309721545
0.40205178309721545
0.4010747435271129
0.403028822667318
0.40205178309721545
0.40009770395701016
0.40009770395701016
0.39912066438690763
0.40205178309721545
0.39912066438690763
0.3981436248168051
0.39912066438690763
0.40693698094772834
0.3981436248168051
0.39716658524670256
0.3952125061064973
0.3952125061064973
0.39423546653639474
0.3932584269662922
0.39423546653639474
0.3932584269662922
0.3952125061064973
0.3952125061064973
0.3961895456765998
0.39716658524670256
0.3952125061064973
0.40009770395701016
0.4010747435271129
0.403028822667318
0.4059599413776258
0.4059599413776258
0.4049829018075233
0.403028822667318
0.4040058622374205
0.40009770395701016
0.40009770395701016
0.40009770395701016
0.40009770395701016
0.39912066438690763
0.39912066438690763
0.40009770395701016
0.4010747435271129
0.4010747435271129
0.403028822667318
0.4059599413776258
0.40693698094772834
0.40986809965803617
0.41182217879824123
0.4137762579384465
0.4137762579384465
0.41670737664875435
0.4186614557889594
0.42256961406936977
0.42159257449926724
0.42159257449926724
0.42159257449926724
0.42256961406936977
0.42256961406936977
0.42256961406936977
0.4255007327796776
0.4255007327796776
0.42452369320957506
0.4235466536394723
0.4235466536394723
0.42159257449926724
0.42159257449926724
0.41963849535906195
0.4176844162188569
0.412799218368344
0.4108451392281387
0.3961895456765998
0.39423546653639474
0.3932584269662922
0.3913043478260869
0.3903273082559844
0.3883732291157791
0.3854421104054715
0.38446507083536874
0.38641914997557403
0.38739618954567656
0.3883732291157791
0.38641914997557403
0.38739618954567656
0.3913043478260869
0.39423546653639474
0.3952125061064973
0.39716658524670256
0.40205178309721545
0.403028822667318
0.4059599413776258
0.4059599413776258
0.40986809965803617
0.41475329750854906
0.4137762579384465
0.4137762579384465
0.41475329750854906
0.4137762579384465
0.412799218368344
0.40986809965803617
0.4059599413776258
0.4059599413776258
0.4059599413776258
0.4040058622374205
0.4049829018075233
0.403028822667318
0.4010747435271129
0.40009770395701016
0.34929164631167553
0.35222276502198335
0.35417684416218864
0.3561309233023937
0.35710796287249624
0.36003908158280407
0.3610161211529066
0.36199316072300936
0.3629702002931119
0.36199316072300936
0.36199316072300936
0.3629702002931119
0.3639472398632144
0.36980947728383007
0.3707865168539326
0.37274059599413767
0.3737176355642404
0.37469467513434296
0.37469467513434296
0.37176355642403514
0.3678553981436248
0.36492427943331696
0.3610161211529066
0.35710796287249624
0.35417684416218864
0.35222276502198335
0.3453834880312652
0.3414753297508548
0.3356130923302394
0.3336590131900341
0.3336590131900341
0.3277967757694187
0.32486565705911086
0.3209574987787005
0.31998045920859797
0.31900341963849543
0.3180263800683927
0.3160723009281876
0.3141182217879823
0.3111871030776747
0.31021006350757196
0.30727894479726436
0.3063019052271616
0.30434782608695654
0.29653150952613583
0.2906692721055202
0.28969223253541765
0.2887151929653151
0.2877381533952126
0.2877381533952126
0.2877381533952126
0.2877381533952126
0.2887151929653151
0.2887151929653151
0.28969223253541765
0.2906692721055202
0.29262335124572547
0.293600390815828
0.29457743038593054
0.29653150952613583
0.29750854909623836
0.3004396678065462
0.30239374694675125
0.303370786516854
0.30434782608695654
0.3053248656570591
0.3004396678065462
0.3063019052271616
0.3004396678065462
0.3082559843673669
0.30923302393746943
0.31021006350757196
0.30923302393746943
0.31021006350757196
0.30923302393746943
0.3082559843673669
0.3082559843673669
0.30923302393746943
0.31021006350757196
0.31021006350757196
0.30923302393746943
0.31021006350757196
0.30923302393746943
0.3082559843673669
0.3082559843673669
0.30727894479726436
0.30727894479726436
0.3063019052271616
0.30727894479726436
0.30727894479726436
0.3082559843673669
0.3082559843673669
0.31021006350757196
0.31021006350757196
0.3111871030776747
0.31216414264777725
0.3131411822178798
0.3141182217879823
0.3160723009281876
0.31704934049829014
0.31900341963849543
0.3209574987787005
0.3229115779189058
0.3238886174890083
0.32486565705911086
0.3258426966292134
0.3277967757694187
0.3287738153395212
0.3307278944797265
0.33170493404982904
0.33268197361993157
0.3336590131900341
0.3356130923302394
0.3365901319003419
0.33756717147044446
0.33756717147044446
0.3434294088910601
0.33952125061064975
0.33952125061064975
0.3385442110405472
0.3385442110405472
0.33756717147044446
0.33756717147044446
0.33756717147044446
0.3385442110405472
0.33756717147044446
0.3365901319003419
0.33756717147044446
0.3356130923302394
0.3365901319003419
0.3356130923302394
0.33170493404982904
0.32975085490962375
0.32975085490962375
0.32975085490962375
0.32975085490962375
0.3287738153395212
0.3287738153395212
0.32681973619931615
0.3258426966292134
0.32486565705911086
0.32486565705911086
0.32193453834880303
0.32193453834880303
0.31998045920859797
0.3180263800683927
0.3160723009281876
0.3141182217879823
0.3131411822178798
0.31021006350757196
0.29164631167562294
0.28969223253541765
0.2877381533952126
0.2867611138251098
0.28480703468490476
0.2867611138251098
0.2857840742550073
0.28480703468490476
0.28480703468490476
0.2838299951148022
0.28285295554469947
0.2838299951148022
0.28187591597459694
0.28285295554469947
0.28187591597459694
0.2808988764044944
0.27992183683439187
0.2779677576941866
0.27699071812408405
0.27699071812408405
0.27699071812408405
0.2760136785539815
0.2760136785539815
0.2760136785539815
0.27503663898387876
0.27503663898387876
0.27503663898387876
0.2760136785539815
0.27503663898387876
0.2740595994137762
0.2740595994137762
0.27503663898387876
0.2740595994137762
0.2740595994137762
0.2740595994137762
0.2740595994137762
0.2740595994137762
0.2740595994137762
0.2760136785539815
0.2711284807034684
0.27699071812408405
0.2760136785539815
0.27699071812408405
0.2779677576941866
0.2779677576941866
0.2789447972642891
0.27992183683439187
0.28187591597459694
0.28480703468490476
0.2877381533952126
0.28969223253541765
0.293600390815828
0.293600390815828
0.29457743038593054
0.29457743038593054
0.293600390815828
0.29457743038593054
0.293600390815828
0.29653150952613583
0.29750854909623836
0.29946262823644365
0.3014167073766487
0.303370786516854
0.3053248656570591
0.3063019052271616
0.3082559843673669
0.3111871030776747
0.31216414264777725
0.3150952613580851
0.3180263800683927
0.3209574987787005
0.3229115779189058
0.3238886174890083
0.3238886174890083
0.32486565705911086
0.3238886174890083
0.32486565705911086
0.3258426966292134
0.32681973619931615
0.3277967757694187
0.32975085490962375
0.3307278944797265
0.33268197361993157
0.3336590131900341
0.3336590131900341
0.33463605276013686
0.3356130923302394
0.3365901319003419
0.3365901319003419
0.3365901319003419
0.3385442110405472
0.3404982901807523
0.3424523693209576
0.3424523693209576
0.3414753297508548
0.3414753297508548
0.3414753297508548
0.33952125061064975
0.33952125061064975
0.3385442110405472
0.3365901319003419
0.3365901319003419
0.3356130923302394
0.33463605276013686
0.3336590131900341
0.3336590131900341
0.33463605276013686
0.3356130923302394
0.3385442110405472
0.3404982901807523
0.3424523693209576
0.3434294088910601
0.34733756717147046
0.34929164631167553
0.3502686858817783
0.3512457254518808
0.35222276502198335
0.35417684416218864
0.35417684416218864
0.3551538837322912
0.3551538837322912
0.3551538837322912
0.3551538837322912
0.3561309233023937
0.35710796287249624
0.35710796287249624
0.3561309233023937
0.3561309233023937
0.3561309233023937
0.358085002442599
0.36003908158280407
0.358085002442599
0.35906204201270153
0.36003908158280407
0.35906204201270153
0.358085002442599
0.35906204201270153
0.35906204201270153
0.36003908158280407
0.3610161211529066
0.36199316072300936
0.36199316072300936
0.3531998045920859
0.3629702002931119
0.3629702002931119
0.3629702002931119
0.3629702002931119
0.3639472398632144
0.3639472398632144
0.3659013190034197
0.36687835857352225
0.3678553981436248
0.36980947728383007
0.3707865168539326
0.37176355642403514
0.3737176355642404
0.3737176355642404
0.36687835857352225
0.3756717147044455
0.376648754274548
0.3776257938446508
0.37957987298485585
0.37957987298485585
0.3805569125549584
0.38153395212506114
0.3805569125549584
0.37957987298485585
0.37957987298485585
0.3786028334147533
0.3756717147044455
0.3737176355642404
0.37176355642403514
0.3707865168539326
0.3707865168539326
0.3707865168539326
0.36980947728383007
0.3678553981436248
0.36492427943331696
0.3629702002931119
0.3610161211529066
0.3610161211529066
0.3610161211529066
0.36199316072300936
0.3629702002931119
0.3629702002931119
0.3639472398632144
0.3659013190034197
0.3678553981436248
0.3678553981436248
0.36687835857352225
0.36687835857352225
0.36687835857352225
0.3678553981436248
0.36980947728383007
0.37176355642403514
0.3737176355642404
0.376648754274548
0.3786028334147533
0.3805569125549584
0.3834880312652662
0.38446507083536874
0.3854421104054715
0.38739618954567656
0.3883732291157791
0.3913043478260869
0.3913043478260869
0.39228138739618945
0.39423546653639474
0.3961895456765998
0.39716658524670256
0.3981436248168051
0.39912066438690763
0.40009770395701016
0.4010747435271129
0.40205178309721545
0.32975085490962375
0.3277967757694187
0.32486565705911086
0.3238886174890083
0.32193453834880303
0.32193453834880303
0.3180263800683927
0.3160723009281876
0.3150952613580851
0.3150952613580851
0.3150952613580851
0.3160723009281876
0.31704934049829014
0.31704934049829014
0.3160723009281876
0.3150952613580851
0.3141182217879823
0.3131411822178798
0.31216414264777725
0.3111871030776747
0.3111871030776747
0.31021006350757196
0.30923302393746943
0.30923302393746943
0.30727894479726436
0.30727894479726436
0.30727894479726436
0.3063019052271616
0.3053248656570591
0.30434782608695654
0.30434782608695654
0.303370786516854
0.303370786516854
0.30239374694675125
0.30239374694675125
0.3014167073766487
0.3004396678065462
0.3004396678065462
0.29946262823644365
0.29946262823644365
0.29946262823644365
0.29946262823644365
0.2984855886663409
0.29946262823644365
0.2984855886663409
0.29750854909623836
0.2984855886663409
0.29750854909623836
0.29653150952613583
0.29653150952613583
0.29653150952613583
0.29653150952613583
0.29653150952613583
0.2955544699560333
0.2955544699560333
0.2955544699560333
0.29457743038593054
0.293600390815828
0.293600390815828
0.29262335124572547
0.29164631167562294
0.29262335124572547
0.29164631167562294
0.29164631167562294
0.29262335124572547
0.29262335124572547
0.29164631167562294
0.29164631167562294
0.2906692721055202
0.29164631167562294
0.29164631167562294
0.2906692721055202
0.29164631167562294
0.29262335124572547
0.29164631167562294
0.29164631167562294
0.29262335124572547
0.29164631167562294
0.29164631167562294
0.29164631167562294
0.2906692721055202
0.2906692721055202
0.29164631167562294
0.2906692721055202
0.28969223253541765
0.29262335124572547
0.29262335124572547
0.29262335124572547
0.29262335124572547
0.29262335124572547
0.29262335124572547
0.2906692721055202
0.2906692721055202
0.28969223253541765
0.28969223253541765
0.2906692721055202
0.29164631167562294
0.29164631167562294
0.29164631167562294
0.2906692721055202
0.28969223253541765
0.2877381533952126
0.2857840742550073
0.28480703468490476
0.28285295554469947
0.28285295554469947
0.28285295554469947
0.28285295554469947
0.2838299951148022
0.2838299951148022
0.2838299951148022
0.28480703468490476
0.28480703468490476
0.28480703468490476
0.28480703468490476
0.28480703468490476
0.28480703468490476
0.2857840742550073
0.2867611138251098
0.2867611138251098
0.2867611138251098
0.2867611138251098
0.2857840742550073
0.2857840742550073
0.2867611138251098
0.2867611138251098
0.2867611138251098
0.2867611138251098
0.2857840742550073
0.2857840742550073
0.2877381533952126
0.2887151929653151
0.2887151929653151
0.2877381533952126
0.2877381533952126
0.2877381533952126
0.2877381533952126
0.2877381533952126
0.2867611138251098
0.2867611138251098
0.2867611138251098
0.2867611138251098
0.2867611138251098
0.2867611138251098
0.28480703468490476
0.2867611138251098
0.2857840742550073
0.28480703468490476
0.2857840742550073
0.28480703468490476
0.28480703468490476
0.2857840742550073
0.2867611138251098
0.2867611138251098
0.2867611138251098
0.2877381533952126
0.2877381533952126
0.2887151929653151
0.2887151929653151
0.2887151929653151
0.28969223253541765
0.28969223253541765
0.28969223253541765
0.2906692721055202
0.2906692721055202
0.29164631167562294
0.2906692721055202
0.28969223253541765
0.2906692721055202
0.28969223253541765
0.28969223253541765
0.2906692721055202
0.29262335124572547
0.293600390815828
0.29457743038593054
0.2955544699560333
0.29653150952613583
0.29750854909623836
0.2984855886663409
0.3004396678065462
0.3014167073766487
0.303370786516854
0.303370786516854
0.30434782608695654
0.30434782608695654
0.3053248656570591
0.3063019052271616
0.3063019052271616
0.3063019052271616
0.3063019052271616
0.30727894479726436
0.31021006350757196
0.3111871030776747
0.3131411822178798
0.3141182217879823
0.3160723009281876
0.31704934049829014
0.31900341963849543
0.31998045920859797
0.3209574987787005
0.3209574987787005
0.3209574987787005
0.3209574987787005
0.31998045920859797
0.3209574987787005
0.32193453834880303
0.3229115779189058
0.3238886174890083
0.32681973619931615
0.3287738153395212
0.33268197361993157
0.33463605276013686
0.33756717147044446
0.3404982901807523
0.3424523693209576
0.3453834880312652
0.348314606741573
0.3512457254518808
0.35417684416218864
0.3561309233023937
0.358085002442599
0.358085002442599
0.36003908158280407
0.3610161211529066
0.36199316072300936
0.3629702002931119
0.3639472398632144
0.3629702002931119
0.3639472398632144
0.3610161211529066
0.36003908158280407
0.358085002442599
0.358085002442599
0.35710796287249624
0.3561309233023937
0.3551538837322912
0.35417684416218864
0.35417684416218864
0.35417684416218864
0.3551538837322912
0.35417684416218864
0.3551538837322912
0.3551538837322912
0.35710796287249624
0.35906204201270153
0.35906204201270153
0.3610161211529066
0.3629702002931119
0.36199316072300936
0.36199316072300936
0.35906204201270153
0.35906204201270153
0.35906204201270153
0.36003908158280407
0.3610161211529066
0.3610161211529066
0.36199316072300936
0.3639472398632144
0.36492427943331696
0.36492427943331696
0.36492427943331696
0.3629702002931119
0.3610161211529066
0.3512457254518808
0.34733756717147046
0.34440644846116264
0.3336590131900341
0.33463605276013686
0.3336590131900341
0.3365901319003419
0.3356130923302394
0.33463605276013686
0.3336590131900341
0.33268197361993157
0.32975085490962375
0.3287738153395212
0.3277967757694187
0.3258426966292134
0.32486565705911086
0.31998045920859797
0.31900341963849543
0.31704934049829014
0.3160723009281876
0.3131411822178798
0.31216414264777725
0.30923302393746943
0.3082559843673669
0.3063019052271616
0.3053248656570591
0.303370786516854
0.3014167073766487
0.3014167073766487
0.3004396678065462
0.3004396678065462
0.30239374694675125
0.30434782608695654
0.3063019052271616
0.3053248656570591
0.3063019052271616
0.30727894479726436
0.30727894479726436
0.30727894479726436
0.3063019052271616
0.3053248656570591
0.3053248656570591
0.30434782608695654
0.30434782608695654
0.30434782608695654
0.3053248656570591
0.3053248656570591
0.3082559843673669
0.30923302393746943
0.31021006350757196
0.3111871030776747
0.31021006350757196
0.31021006350757196
0.31021006350757196
0.31021006350757196
0.30923302393746943
0.3082559843673669
0.30727894479726436
0.3063019052271616
0.3063019052271616
0.3082559843673669
0.31021006350757196
0.3111871030776747
0.31216414264777725
0.31216414264777725
0.31216414264777725
0.3111871030776747
0.3111871030776747
0.3111871030776747
0.31216414264777725
0.31216414264777725
0.3131411822178798
0.3150952613580851
0.31704934049829014
0.31704934049829014
0.31704934049829014
0.31704934049829014
0.3160723009281876
0.31704934049829014
0.31704934049829014
0.3180263800683927
0.31900341963849543
0.31900341963849543
0.31900341963849543
0.31900341963849543
0.31998045920859797
0.3209574987787005
0.3229115779189058
0.3229115779189058
0.3229115779189058
0.3238886174890083
0.3238886174890083
0.3229115779189058
0.3229115779189058
0.32486565705911086
0.3512457254518808
0.3512457254518808
0.3512457254518808
0.3502686858817783
0.3502686858817783
0.34929164631167553
0.34929164631167553
0.348314606741573
0.34636052760136793
0.3453834880312652
0.34440644846116264
0.3424523693209576
0.3414753297508548
0.33952125061064975
0.33756717147044446
0.33463605276013686
0.3336590131900341
0.33170493404982904
0.32975085490962375
0.3287738153395212
0.3277967757694187
0.32681973619931615
0.32486565705911086
0.32486565705911086
0.3258426966292134
0.3277967757694187
0.3277967757694187
0.3277967757694187
0.3277967757694187
0.3277967757694187
0.32681973619931615
0.3258426966292134
0.3258426966292134
0.32486565705911086
0.32486565705911086
0.32486565705911086
0.3238886174890083
0.3229115779189058
0.32193453834880303
0.3229115779189058
0.3209574987787005
0.31998045920859797
0.31998045920859797
0.3180263800683927
0.31704934049829014
0.3160723009281876
0.3150952613580851
0.3141182217879823
0.3131411822178798
0.3131411822178798
0.31216414264777725
0.3111871030776747
0.3111871030776747
0.31021006350757196
0.30923302393746943
0.30923302393746943
0.30923302393746943
0.30923302393746943
0.30923302393746943
0.30923302393746943
0.31021006350757196
0.31021006350757196
0.3111871030776747
0.31216414264777725
0.31216414264777725
0.3131411822178798
0.3141182217879823
0.3141182217879823
0.3150952613580851
0.3160723009281876
0.31704934049829014
0.3180263800683927
0.31900341963849543
0.31900341963849543
0.31998045920859797
0.32193453834880303
0.3229115779189058
0.3238886174890083
0.3238886174890083
0.32486565705911086
0.32486565705911086
0.3258426966292134
0.32681973619931615
0.32681973619931615
0.32681973619931615
0.32486565705911086
0.32486565705911086
0.32486565705911086
0.3258426966292134
0.3258426966292134
0.3258426966292134
0.3258426966292134
0.3258426966292134
0.3258426966292134
0.3238886174890083
0.3229115779189058
0.32193453834880303
0.3209574987787005
0.3209574987787005
0.32193453834880303
0.32193453834880303
0.3229115779189058
0.32486565705911086
0.32681973619931615
0.3287738153395212
0.33170493404982904
0.33170493404982904
0.3336590131900341
0.3356130923302394
0.3365901319003419
0.3385442110405472
0.33952125061064975
0.3414753297508548
0.3434294088910601
0.34440644846116264
0.3453834880312652
0.34733756717147046
0.34929164631167553
0.3502686858817783
0.3512457254518808
0.3531998045920859
0.3551538837322912
0.3551538837322912
0.3561309233023937
0.358085002442599
0.358085002442599
0.35906204201270153
0.36003908158280407
0.36199316072300936
0.3629702002931119
0.3639472398632144
0.3639472398632144
0.36492427943331696
0.3639472398632144
0.3659013190034197
0.3678553981436248
0.3678553981436248
0.3688324377137273
0.3688324377137273
0.36980947728383007
0.3707865168539326
0.3756717147044455
0.37176355642403514
0.37176355642403514
0.37274059599413767
0.37469467513434296
0.3756717147044455
0.3756717147044455
0.376648754274548
0.3776257938446508
0.3776257938446508
0.376648754274548
0.376648754274548
0.37469467513434296
0.3737176355642404
0.36980947728383007
0.37176355642403514
0.37274059599413767
0.37469467513434296
0.376648754274548
0.38153395212506114
0.38251099169516367
0.3834880312652662
0.3834880312652662
0.38446507083536874
0.3854421104054715
0.3854421104054715
0.3834880312652662
0.38251099169516367
0.38251099169516367
0.38153395212506114
0.3805569125549584
0.37957987298485585
0.37957987298485585
0.3786028334147533
0.3776257938446508
0.3756717147044455
0.3756717147044455
0.3737176355642404
0.37274059599413767
0.3707865168539326
0.3707865168539326
0.36980947728383007
0.36980947728383007
0.3688324377137273
0.3688324377137273
0.3688324377137273
0.3688324377137273
0.3688324377137273
0.3688324377137273
0.3688324377137273
0.3688324377137273
0.3678553981436248
0.36687835857352225
0.36687835857352225
0.3678553981436248
0.3688324377137273
0.3688324377137273
0.36980947728383007
0.3707865168539326
0.37176355642403514
0.37176355642403514
0.37274059599413767
0.3737176355642404
0.3737176355642404
0.3737176355642404
0.37469467513434296
0.37469467513434296
0.3737176355642404
0.37274059599413767
0.3707865168539326
0.3678553981436248
0.3659013190034197
0.3629702002931119
0.36199316072300936
0.3610161211529066
0.3610161211529066
0.36003908158280407
0.35906204201270153
0.3561309233023937
0.3551538837322912
0.3531998045920859
0.3512457254518808
0.34929164631167553
0.34929164631167553
0.34733756717147046
0.34636052760136793
0.34636052760136793
0.34636052760136793
0.34733756717147046
0.348314606741573
0.34929164631167553
0.3512457254518808
0.3512457254518808
0.3531998045920859
0.35417684416218864
0.3551538837322912
0.3561309233023937
0.3561309233023937
0.35710796287249624
0.358085002442599
0.36003908158280407
0.36199316072300936
0.3639472398632144
0.36492427943331696
0.36492427943331696
0.3659013190034197
0.3659013190034197
0.3639472398632144
0.3639472398632144
0.36492427943331696
0.3639472398632144
0.3639472398632144
0.36492427943331696
0.36492427943331696
0.36492427943331696
0.36492427943331696
0.3659013190034197
0.3678553981436248
0.3688324377137273
0.36980947728383007
0.3688324377137273
0.36687835857352225
0.36687835857352225
0.36687835857352225
0.3659013190034197
0.3659013190034197
0.36492427943331696
0.36492427943331696
0.37469467513434296
0.376648754274548
0.3834880312652662
0.39423546653639474
0.39912066438690763
0.4010747435271129
0.4049829018075233
0.4079140205178309
0.40986809965803617
0.4137762579384465
0.41475329750854906
0.4157303370786516
0.41670737664875435
0.4157303370786516
0.4176844162188569
0.4176844162188569
0.41670737664875435
0.4176844162188569
0.4176844162188569
0.4186614557889594
0.4186614557889594
0.4186614557889594
0.41963849535906195
0.4206155349291647
0.4303859306301905
0.42159257449926724
0.4206155349291647
0.42159257449926724
0.42256961406936977
0.4206155349291647
0.42159257449926724
0.42159257449926724
0.4206155349291647
0.42159257449926724
0.42159257449926724
0.42256961406936977
0.42256961406936977
0.4235466536394723
0.42256961406936977
0.4235466536394723
0.4235466536394723
0.4255007327796776
0.4264777723497801
0.4264777723497801
0.4255007327796776
0.42452369320957506
0.42256961406936977
0.4206155349291647
0.4186614557889594
0.4176844162188569
0.4176844162188569
0.4176844162188569
0.4186614557889594
0.41963849535906195
0.4206155349291647
0.42256961406936977
0.42452369320957506
0.42452369320957506
0.4264777723497801
0.42745481191988266
0.4264777723497801
0.4255007327796776
0.4235466536394723
0.4235466536394723
0.42159257449926724
0.42159257449926724
0.4186614557889594
0.4176844162188569
0.4157303370786516
0.41475329750854906
0.412799218368344
0.412799218368344
0.41182217879824123
0.4137762579384465
0.4137762579384465
0.41475329750854906
0.4186614557889594
0.4206155349291647
0.42159257449926724
0.4235466536394723
0.4264777723497801
0.4284318514899854
0.431362970200293
0.4333170493404983
0.43624816805080613
0.4382022471910112
0.4401563263312165
0.4430874450415241
0.4450415241817294
0.4479726428920372
0.44992672203224227
0.45188080117244755
0.4538348803126526
0.4557889594528579
0.45676599902296044
0.457743038593063
0.4587200781631655
0.4606741573033708
0.4606741573033708
0.4606741573033708
0.46165119687347334
0.46262823644357587
0.46165119687347334
0.46262823644357587
0.46262823644357587
0.4636052760136786
0.46458231558378116
0.46458231558378116
0.46458231558378116
0.46458231558378116
0.46458231558378116
0.46458231558378116
0.46458231558378116
0.46458231558378116
